Name,1mil,2mil,3mil,4mil,5mil,6mil,7mil
bwaves_r,0.000212

bwaves_s,
cactuBSSN_r,0.004071,0.008008,0.012040,0.016069,0.020111,0.024165,0.028137

cactuBSSN_s,0.004126,0.008030,0.012058,0.016072,0.020082,0.024122,0.028087

cam4_s,
deepsjeng_s,0.003616,0.019755,0.035893,0.052032,0.068171,0.084309,0.100448

exchange2_s,0.003556,0.006847,0.010279,0.013402,0.016653,0.019955,0.023195

fotonik3d_s,
gcc_r,0.004034,0.008338,0.013381,0.018289,0.023117,0.027809,0.032335

gcc_s,0.003902,0.008200,0.013410,0.018328,0.023245,0.027974,0.032629

imagick_s,0.004426,0.008607,0.012239,0.015867,0.019504,0.023148,0.026778

lbm_r,0.013118,0.026389,0.039659,0.052927,0.066196,0.079466,0.092737

lbm_s,0.012502,0.025386,0.038270,0.051154,0.064038,0.076923,0.089806

leela_s,0.006583,0.010306,0.014033,0.017797,0.021549,0.025292,0.029041

mcf_r,0.004350,0.008654,0.012957,0.017264,0.021577,0.025889,0.030188

nab_s,0.004317,0.008540,0.012733,0.017065,0.021263,0.025521,0.029750

namd_r,0.000292

omnetpp_r,0.004129,0.008088,0.011698,0.015330,0.018773,0.022228,0.026076

omnetpp_s,0.004216,0.008234,0.011845,0.015470,0.018912,0.022379,0.026241

parest_r,0.003776,0.007647,0.011659,0.016026,0.020806,0.025580,0.030307

perlbench_r,0.005351,0.010473

perlbench_s,0.005461,0.011607,0.017569,0.022528,0.023898

pop2_s,
povray_r,0.003937,0.007691,0.012307,0.016330,0.019751,0.022998,0.026261

roms_s,
wrf_s,
x264_s,0.003628,0.007081,0.010526,0.013970,0.017413,0.020857,0.024305

xalancbmk_s,
xz_r,0.018603,0.037213,0.049910,0.053130,0.056326,0.059625,0.062881

xz_s,0.018044,0.036582,0.055121,0.073660,0.092198,0.110737,0.129276

