Name,1mil,2mil,3mil,4mil,5mil,6mil,7mil
bwaves_r,0.000209

bwaves_s,
cactuBSSN_r,0.003964,0.007770,0.011668,0.015528,0.019395,0.023268,0.027100

cactuBSSN_s,0.003962,0.007722,0.011573,0.015396,0.019207,0.023044,0.026822

cam4_s,
deepsjeng_s,0.003580,0.019561,0.035699,0.051838,0.067976,0.084115,0.100254

exchange2_s,0.003491,0.006787,0.010212,0.013330,0.016576,0.019870,0.023112

fotonik3d_s,
gcc_r,0.003911,0.007975,0.012610,0.017068,0.021545,0.025757,0.029765

gcc_s,0.003833,0.007881,0.012488,0.016847,0.021273,0.025538,0.029666

imagick_s,0.004147,0.008086,0.011713,0.015338,0.018963,0.022591,0.026219

lbm_r,0.012942,0.026212,0.039481,0.052752,0.066023,0.079291,0.092559

lbm_s,0.012282,0.025166,0.038050,0.050934,0.063819,0.076703,0.089586

leela_s,0.006384,0.010106,0.013827,0.017590,0.021339,0.025080,0.028825

mcf_r,0.004326,0.008598,0.012864,0.017132,0.021409,0.025680,0.029947

nab_s,0.004160,0.008157,0.012146,0.016149,0.020163,0.024164,0.028168

namd_r,0.000291

omnetpp_r,0.003964,0.007746,0.011231,0.014502,0.017747,0.021003,0.024317

omnetpp_s,0.004048,0.007899,0.011385,0.014658,0.017904,0.021176,0.024495

parest_r,0.003739,0.007387,0.011167,0.015269,0.019470,0.023657,0.027832

perlbench_r,0.004799,0.008844

perlbench_s,0.004833,0.009722,0.014558,0.019002,0.020712

pop2_s,
povray_r,0.003875,0.007563,0.011904,0.015572,0.018869,0.022069,0.025264

roms_s,
wrf_s,
x264_s,0.003621,0.007064,0.010507,0.013946,0.017392,0.020823,0.024268

xalancbmk_s,
xz_r,0.018579,0.037189,0.049895,0.053105,0.056300,0.059569,0.062817

xz_s,0.018034,0.036572,0.055111,0.073649,0.092188,0.110727,0.129266

