Name,1mil,2mil,3mil,4mil,5mil,6mil,7mil
bwaves_r,0.000209

bwaves_s,
cactuBSSN_r,0.003977,0.007811,0.011743,0.015633,0.019531,0.023435,0.027308

cactuBSSN_s,0.003985,0.007758,0.011618,0.015455,0.019280,0.023133,0.026943

cam4_s,
deepsjeng_s,0.003568,0.019699,0.035837,0.051976,0.068115,0.084253,0.100392

exchange2_s,0.003494,0.006789,0.010220,0.013333,0.016579,0.019878,0.023116

fotonik3d_s,
gcc_r,0.003921,0.008058,0.012829,0.017406,0.021998,0.026659,0.031137

gcc_s,0.003847,0.007975,0.012650,0.017071,0.021569,0.026272,0.030881

imagick_s,0.004221,0.008201,0.011830,0.015455,0.019080,0.022708,0.026336

lbm_r,0.013088,0.026364,0.039638,0.052913,0.066187,0.079463,0.092737

lbm_s,0.012455,0.025340,0.038224,0.051108,0.063992,0.076876,0.089760

leela_s,0.006543,0.010265,0.013993,0.017757,0.021508,0.025251,0.028999

mcf_r,0.004332,0.006422

nab_s,0.004195,0.008242,0.012280,0.016329,0.020397,0.024449,0.028505

namd_r,0.000291

omnetpp_r,0.003975,0.007783,0.011275,0.014631,0.017909,0.021268,0.024812

omnetpp_s,0.004051,0.007918,0.011411,0.014768,0.018048,0.021401,0.024896

parest_r,0.003742,0.007475,0.011297,0.015450,0.019818,0.024172,0.028519

perlbench_r,0.004911,0.009262

perlbench_s,0.004946,0.010150,0.015215,0.019735,0.021501

pop2_s,
povray_r,0.003909,0.007615,0.012024,0.015805,0.019233,0.022442,0.025648

roms_s,
wrf_s,
x264_s,0.003625,0.007070,0.010512,0.013954,0.017402,0.020833,0.024277

xalancbmk_s,
xz_r,0.018597,0.037206,0.049907,0.053121,0.056308,0.059584,0.062832

xz_s,0.018023,0.036562,0.055100,0.073639,0.092178,0.110716,0.129255

