Name,1mil,2mil,3mil,4mil,5mil,6mil,7mil
bwaves_r,0.000209

bwaves_s,
cactuBSSN_r,0.003966,0.007778,0.011683,0.015547,0.019419,0.023303,0.027142

cactuBSSN_s,0.003962,0.007722,0.011573,0.015396,0.019207,0.023044,0.026846

cam4_s,
deepsjeng_s,0.003580,0.019664,0.035802,0.051941,0.068079,0.084218,0.100356

exchange2_s,0.003491,0.006782,0.010212,0.013326,0.016575,0.019870,0.023111

fotonik3d_s,
gcc_r,0.003919,0.007992,0.012723,0.017241,0.021780,0.026002,0.030010

gcc_s,0.003845,0.007913,0.012540,0.016915,0.021364,0.025635,0.029770

imagick_s,0.004167,0.008110,0.011739,0.015363,0.018989,0.022617,0.026244

lbm_r,0.013051,0.026321,0.039590,0.052860,0.066131,0.079399,0.092667

lbm_s,0.012402,0.025286,0.038170,0.051054,0.063938,0.076822,0.089707

leela_s,0.006490,0.010213,0.013936,0.017700,0.021451,0.025194,0.028942

mcf_r,0.004330,0.008605,0.012872,0.017145,0.021437,0.021713

nab_s,0.004165,0.008165,0.012157,0.016160,0.020180,0.024185,0.028190

namd_r,0.000292

omnetpp_r,0.003966,0.007751,0.011237,0.014509,0.017754,0.021013,0.024327

omnetpp_s,0.004048,0.007906,0.011392,0.014665,0.017913,0.021184,0.024503

parest_r,0.003739,0.007466,0.011282,0.015427,0.019739,0.024033,0.028319

perlbench_r,0.004842,0.009053

perlbench_s,0.004889,0.009953,0.014933,0.019425,0.021181

pop2_s,
povray_r,0.003887,0.007578,0.011941,0.015615,0.018911,0.022111,0.025306

roms_s,
wrf_s,
x264_s,0.003625,0.007068,0.010511,0.013950,0.017399,0.020829,0.024274

xalancbmk_s,
xz_r,0.018598,0.037207,0.049902,0.053118,0.056305,0.059581,0.062828

xz_s,0.018037,0.036576,0.055115,0.073653,0.092192,0.110731,0.129269

