Name,1mil,2mil,3mil,4mil,5mil,6mil,7mil
bwaves_r,0.000214

bwaves_s,
cactuBSSN_r,0.004487,0.009052,0.013864,0.018579,0.023272,0.028064,0.032784

cactuBSSN_s,0.004448,0.008797,0.013429,0.018039,0.022616,0.027266,0.031784

cam4_s,
deepsjeng_s,0.003591,0.018926,0.034262,0.049597,0.064932,0.080267,0.095603

exchange2_s,0.003742,0.007275,0.010937,0.014222,0.017683,0.021223,0.024752

fotonik3d_s,
gcc_r,0.004298,0.008874,0.014652,0.020585,0.025970,0.030629,0.035299

gcc_s,0.004085,0.008812,0.014668,0.020371,0.025685,0.030557,0.035688

imagick_s,0.004941,0.009793,0.013990,0.018180,0.022366,0.026564,0.030765

lbm_r,0.012572,0.025258,0.037944,0.050631,0.063318,0.076005,0.088692

lbm_s,0.011911,0.024145,0.036379,0.048613,0.060847,0.073081,0.085316

leela_s,0.006535,0.010697,0.014844,0.019087,0.023319,0.027511,0.031719

mcf_r,0.004684,0.009314,0.013931,0.018563,0.023214,0.027846,0.032468

nab_s,0.004838,0.009651,0.014468,0.019290,0.024120,0.028952,0.033769

namd_r,0.000293

omnetpp_r,0.004650,0.009048,0.012635,0.016258,0.019717,0.023192,0.027048

omnetpp_s,0.004843,0.009400,0.012986,0.016600,0.020061,0.023557,0.027426

parest_r,0.003865,0.008025,0.012419,0.017433,0.022885,0.028358,0.033795

perlbench_r,0.006651,0.014221,0.021618,0.027785,0.033902,0.040840,0.047919

perlbench_s,0.006789,0.014279,0.021639,0.027921,0.034126,0.041091,0.048142

pop2_s,
povray_r,0.004267,0.008309,0.013413,0.018962,0.024257,0.029372,0.033001

roms_s,
wrf_s,
x264_s,0.003665,0.007124,0.010574,0.014024,0.017485,0.020924,0.024382

xalancbmk_s,0.004509,0.010176,0.017440,0.024882,0.031758,0.038744,0.044162

xz_r,0.017592,0.035284,0.047458,0.050727,0.053983,0.057359,0.060694

xz_s,0.017234,0.034930,0.052626,0.070322,0.088018,0.105714,0.123410

