Name,1mil,2mil,3mil,4mil,5mil,6mil,7mil
bwaves_r,0.000208

bwaves_s,
cactuBSSN_r,0.003955,0.007742,0.011628,0.015471,0.019307,0.023156,0.026979

cactuBSSN_s,0.003960,0.007707,0.011552,0.015367,0.019176,0.023012,0.026788

cam4_s,
deepsjeng_s,0.003580,0.019354,0.035493,0.051631,0.067770,0.083908,0.100047

exchange2_s,0.003490,0.006782,0.010212,0.013326,0.016575,0.019870,0.023111

fotonik3d_s,
gcc_r,0.003906,0.007969,0.012605,0.017062,0.021533,0.025744,0.029750

gcc_s,0.003830,0.007877,0.012478,0.016831,0.021246,0.025501,0.029626

imagick_s,0.004144,0.008082,0.011711,0.015335,0.018961,0.022589,0.026215

lbm_r,0.012745,0.026021,0.039295,0.052571,0.065844,0.079120,0.092394

lbm_s,0.012066,0.024950,0.037834,0.050718,0.063602,0.076486,0.089371

leela_s,0.006375,0.010095,0.013816,0.017577,0.021325,0.025062,0.028805

mcf_r,0.004326,0.008598,0.012864,0.017132,0.021407,0.025675,0.029941

nab_s,0.004158,0.008154,0.012143,0.016142,0.020156,0.024157,0.028160

namd_r,0.000292

omnetpp_r,0.003960,0.007742,0.011227,0.014499,0.017745,0.021000,0.024314

omnetpp_s,0.004041,0.007891,0.011377,0.014648,0.017895,0.021167,0.024485

parest_r,0.003739,0.007385,0.011161,0.015253,0.019407,0.023549,0.027683

perlbench_r,0.004794,0.008818

perlbench_s,0.004825,0.009690,0.014504,0.018944,0.020654

pop2_s,
povray_r,0.003875,0.007562,0.011349,0.014644,0.017890,0.021074,0.024265

roms_s,
wrf_s,
x264_s,0.003617,0.007067,0.010510,0.013947,0.017385,0.020825,0.024268

xalancbmk_s,
xz_r,0.018581,0.037191,0.049886,0.053099,0.056285,0.059557,0.062804

xz_s,0.018009,0.036548,0.055086,0.073625,0.092164,0.110702,0.129241

