Name,1mil,2mil,3mil,4mil,5mil,6mil,7mil
bwaves_r,0.000212

bwaves_s,
cactuBSSN_r,0.003955,0.007741,0.011625,0.015467,0.019302,0.023151,0.026974

cactuBSSN_s,0.003960,0.007707,0.011552,0.015367,0.019176,0.023012,0.026788

cam4_s,
deepsjeng_s,0.003580,0.018940,0.035079,0.051217,0.067356,0.083495,0.099633

exchange2_s,0.003493,0.006783,0.010214,0.013327,0.016577,0.019872,0.023111

fotonik3d_s,
gcc_r,0.003903,0.007962,0.012595,0.017049,0.021513,0.025716,0.029713

gcc_s,0.003827,0.007869,0.012470,0.016823,0.021233,0.025482,0.029607

imagick_s,0.004140,0.008074,0.011703,0.015327,0.018953,0.022581,0.026208

lbm_r,0.012510,0.025636,0.038905,0.052175,0.065444,0.078714,0.091983

lbm_s,0.011836,0.024502,0.037387,0.050270,0.063155,0.076039,0.088923

leela_s,0.006375,0.010095,0.013816,0.017577,0.021325,0.025062,0.028805

mcf_r,0.004324,0.008595,0.012865,0.017133,0.021402,0.025672,0.029938

nab_s,0.004159,0.008156,0.012144,0.016142,0.020155,0.024155,0.028160

namd_r,0.000291

omnetpp_r,0.003959,0.007740,0.011224,0.014494,0.017739,0.020996,0.024309

omnetpp_s,0.004040,0.007889,0.011374,0.014643,0.017897,0.021165,0.024484

parest_r,0.003737,0.007381,0.011156,0.015249,0.019403,0.023546,0.027679

perlbench_r,0.004793,0.008815

perlbench_s,0.004821,0.009665,0.014463,0.018878,0.023334,0.027982,0.032612

pop2_s,
povray_r,0.003875,0.007562,0.011349,0.014644,0.017890,0.021074,0.024265

roms_s,
wrf_s,
x264_s,0.003621,0.007064,0.010507,0.013946,0.017392,0.020823,0.024268

xalancbmk_s,
xz_r,0.018547,0.037156,0.049862,0.053071,0.056263,0.059523,0.062770

xz_s,0.018008,0.036547,0.055085,0.073624,0.092163,0.110701,0.129240

